0.246007 0.000000 3727 0
0.267106 0.000000 3871 0
0.298755 0.246007 4087 125
0.299927 0.759121 4095 388
-0.079121 1.570989 1508 804
-0.257582 2.682784 290 1373
-0.262125 3.715458 259 1901
-0.245421 4.490549 373 2298
-0.186667 5.003516 774 2561
-0.134066 5.271062 1133 2698
-0.050110 5.351941 1706 2739
0.000586 5.298755 2052 2712
0.027399 5.195458 2235 2659
0.032527 5.092747 2270 2606
0.026667 5.017436 2230 2568
0.014359 4.974652 2146 2546
0.011136 4.958535 2124 2538
0.001319 4.956777 2057 2537
-0.000440 4.966154 2045 2542
-0.002491 4.976850 2031 2547
-0.001905 4.987106 2035 2552
-0.002637 4.994872 2030 2556
-0.002637 5.000733 2030 2559
-0.001319 5.003956 2039 2561
-0.001172 5.004542 2040 2561
0.000733 5.003810 2053 2561
0.000000 5.001905 2048 2560
0.000733 5.000733 2053 2559
0.001319 4.999560 2057 2559
-0.001612 4.999121 2037 2558
0.002198 5.000000 2063 2559
-0.002051 4.999267 2034 2558
0.002491 5.000733 2065 2559
-0.002051 5.000147 2034 2559
-0.000733 5.002051 2043 2560
-0.000147 5.001905 2047 2560
0.000293 5.001026 2050 2559
0.001465 5.000000 2058 2559
-0.001612 4.999267 2037 2558
0.001465 5.000000 2058 2559
-0.001026 4.999121 2041 2558
0.002344 4.999707 2064 2559
-0.003516 4.999267 2024 2558
0.001905 5.001172 2061 2559
0.000000 4.999560 2048 2559
-0.002784 4.999853 2029 2559
0.001319 5.000147 2057 2559
0.002198 4.997656 2063 2558
-0.000440 4.996484 2045 2557
0.001172 4.997509 2056 2558
