uSim ySim yref uMin uMax yMin yMax uSimDig ySimDig vol
0.044689 -0.019992 3.000000 0.000000 1.000000 0.000000 10.000000 183 0 1.000000e+00
0.518681 -0.006010 3.000000 0.000000 1.000000 0.000000 10.000000 2124 0 1.000000e+00
0.938462 0.014325 3.000000 0.000000 1.000000 0.000000 10.000000 3843 5 1.000000e+00
0.946520 0.369487 3.000000 0.000000 1.000000 0.000000 10.000000 3876 151 1.000000e+00
0.529915 1.323185 3.000000 0.000000 1.000000 0.000000 10.000000 2170 541 1.433810e-01
0.079853 2.774611 3.000000 0.000000 1.000000 0.000000 10.000000 327 1136 5.710057e-02
0.021490 4.290225 3.000000 0.000000 1.000000 0.000000 10.000000 88 1756 1.646914e-02
0.000000 5.415513 3.000000 0.000000 1.000000 0.000000 10.000000 0 2217 7.360715e-03
0.000000 6.087840 3.000000 0.000000 1.000000 0.000000 10.000000 0 2492 5.630875e-03
0.022466 6.253239 3.000000 0.000000 1.000000 0.000000 10.000000 92 2560 4.587519e-03
0.012210 5.942585 3.000000 0.000000 1.000000 0.000000 10.000000 50 2433 4.587519e-03
0.436386 5.218315 3.000000 0.000000 1.000000 0.000000 10.000000 1787 2136 3.842822e-03
0.868864 4.162994 3.000000 0.000000 1.000000 0.000000 10.000000 3558 1704 2.801227e-03
0.894261 3.141270 3.000000 0.000000 1.000000 0.000000 10.000000 3662 1286 2.074476e-03
0.572161 2.537965 3.000000 0.000000 1.000000 0.000000 10.000000 2343 1039 1.545610e-03
0.342857 2.376493 3.000000 0.000000 1.000000 0.000000 10.000000 1404 973 1.545610e-03
0.489621 2.455966 3.000000 0.000000 1.000000 0.000000 10.000000 2005 1005 1.545610e-03
0.020757 2.562353 3.000000 0.000000 1.000000 0.000000 10.000000 85 1049 1.509735e-03
0.364591 2.797845 3.000000 0.000000 1.000000 0.000000 10.000000 1493 1145 1.471349e-03
0.419780 2.813779 3.000000 0.000000 1.000000 0.000000 10.000000 1719 1152 1.471349e-03
0.329915 2.860862 3.000000 0.000000 1.000000 0.000000 10.000000 1351 1171 1.471349e-03
0.232234 2.983035 3.000000 0.000000 1.000000 0.000000 10.000000 951 1221 1.471349e-03
0.186081 3.087570 3.000000 0.000000 1.000000 0.000000 10.000000 762 1264 1.471349e-03
0.522100 3.108706 3.000000 0.000000 1.000000 0.000000 10.000000 2138 1273 1.471349e-03
0.045421 3.027556 3.000000 0.000000 1.000000 0.000000 10.000000 186 1239 1.471349e-03
0.467399 3.084176 3.000000 0.000000 1.000000 0.000000 10.000000 1914 1262 1.471349e-03
0.377534 2.949857 3.000000 0.000000 1.000000 0.000000 10.000000 1546 1207 1.471349e-03
0.388767 2.921274 3.000000 0.000000 1.000000 0.000000 10.000000 1592 1196 1.471349e-03
0.299145 2.925122 3.000000 0.000000 1.000000 0.000000 10.000000 1225 1197 1.471349e-03
0.287424 2.985893 3.000000 0.000000 1.000000 0.000000 10.000000 1177 1222 1.471349e-03
0.347985 3.006766 3.000000 0.000000 1.000000 0.000000 10.000000 1425 1231 1.471349e-03
0.344567 2.994645 3.000000 0.000000 1.000000 0.000000 10.000000 1411 1226 1.471349e-03
0.299634 3.004632 3.000000 0.000000 1.000000 0.000000 10.000000 1227 1230 1.471349e-03
0.299389 3.024079 3.000000 0.000000 1.000000 0.000000 10.000000 1226 1238 1.471349e-03
0.384371 3.011927 3.000000 0.000000 1.000000 0.000000 10.000000 1574 1233 1.471349e-03
0.332601 2.972340 3.000000 0.000000 1.000000 0.000000 10.000000 1362 1217 1.471349e-03
0.359707 2.975191 3.000000 0.000000 1.000000 0.000000 10.000000 1473 1218 1.471349e-03
0.244444 2.993296 3.000000 0.000000 1.000000 0.000000 10.000000 1001 1225 1.471349e-03
0.457143 3.038205 3.000000 0.000000 1.000000 0.000000 10.000000 1872 1244 1.471349e-03
0.055433 3.012595 3.000000 0.000000 1.000000 0.000000 10.000000 227 1233 1.471349e-03
0.300366 3.088062 3.000000 0.000000 1.000000 0.000000 10.000000 1230 1264 1.471349e-03
0.494505 2.972116 3.000000 0.000000 1.000000 0.000000 10.000000 2025 1217 1.471349e-03
0.376068 2.830270 3.000000 0.000000 1.000000 0.000000 10.000000 1540 1158 1.471349e-03
0.415873 2.824746 3.000000 0.000000 1.000000 0.000000 10.000000 1703 1156 1.471349e-03
0.177534 2.881113 3.000000 0.000000 1.000000 0.000000 10.000000 727 1179 1.471349e-03
0.388278 3.007181 3.000000 0.000000 1.000000 0.000000 10.000000 1590 1231 1.436315e-03
0.177045 3.030740 3.000000 0.000000 1.000000 0.000000 10.000000 725 1241 1.436315e-03
0.353358 3.079579 3.000000 0.000000 1.000000 0.000000 10.000000 1447 1261 1.436315e-03
0.426862 3.018810 3.000000 0.000000 1.000000 0.000000 10.000000 1748 1236 1.436315e-03
0.197314 2.983062 3.000000 0.000000 1.000000 0.000000 10.000000 808 1221 1.436315e-03
0.415140 3.019629 3.000000 0.000000 1.000000 0.000000 10.000000 1700 1236 1.436315e-03
0.361172 2.958071 3.000000 0.000000 1.000000 0.000000 10.000000 1479 1211 1.436315e-03
0.335287 2.947649 3.000000 0.000000 1.000000 0.000000 10.000000 1373 1207 1.436315e-03
0.393407 2.942254 3.000000 0.000000 1.000000 0.000000 10.000000 1611 1204 1.436315e-03
0.371917 2.953048 3.000000 0.000000 1.000000 0.000000 10.000000 1523 1209 3.384428e-04
0.310623 2.992401 3.000000 0.000000 1.000000 0.000000 10.000000 1272 1225 3.384428e-04
0.174115 3.056674 3.000000 0.000000 1.000000 0.000000 10.000000 713 1251 3.384428e-04
0.407082 3.083311 3.000000 0.000000 1.000000 0.000000 10.000000 1667 1262 3.384428e-04
0.411477 2.973301 3.000000 0.000000 1.000000 0.000000 10.000000 1685 1217 3.384428e-04
0.310867 2.905552 3.000000 0.000000 1.000000 0.000000 10.000000 1273 1189 3.384428e-04
0.427595 2.899444 3.000000 0.000000 1.000000 0.000000 10.000000 1751 1187 3.384428e-04
0.369719 2.873238 3.000000 0.000000 1.000000 0.000000 10.000000 1514 1176 3.384428e-04
0.249817 2.906444 3.000000 0.000000 1.000000 0.000000 10.000000 1023 1190 3.384428e-04
0.307204 2.981773 3.000000 0.000000 1.000000 0.000000 10.000000 1258 1221 3.384428e-04
0.347497 2.979175 3.000000 0.000000 1.000000 0.000000 10.000000 1423 1219 3.384428e-04
0.385348 2.944762 3.000000 0.000000 1.000000 0.000000 10.000000 1578 1205 3.384428e-04
0.345055 2.925125 3.000000 0.000000 1.000000 0.000000 10.000000 1413 1197 3.384428e-04
0.362393 2.935267 3.000000 0.000000 1.000000 0.000000 10.000000 1484 1201 3.384428e-04
0.293040 2.964590 3.000000 0.000000 1.000000 0.000000 10.000000 1200 1213 3.384428e-04
0.270574 3.013966 3.000000 0.000000 1.000000 0.000000 10.000000 1108 1234 3.384428e-04
0.362637 3.052114 3.000000 0.000000 1.000000 0.000000 10.000000 1485 1249 3.384428e-04
0.328938 3.029278 3.000000 0.000000 1.000000 0.000000 10.000000 1347 1240 3.384428e-04
0.364103 3.013204 3.000000 0.000000 1.000000 0.000000 10.000000 1491 1233 3.384428e-04
0.331136 3.004646 3.000000 0.000000 1.000000 0.000000 10.000000 1356 1230 3.384428e-04
0.282051 3.034070 3.000000 0.000000 1.000000 0.000000 10.000000 1155 1242 3.384428e-04
0.778022 3.066019 4.000000 0.000000 1.000000 0.000000 10.000000 3186 1255 3.384428e-04
0.347253 3.064528 4.000000 0.000000 1.000000 0.000000 10.000000 1422 1254 3.384428e-04
0.429304 3.346190 4.000000 0.000000 1.000000 0.000000 10.000000 1758 1370 3.384428e-04
0.199023 3.610742 4.000000 0.000000 1.000000 0.000000 10.000000 815 1478 3.384428e-04
0.413919 3.894775 4.000000 0.000000 1.000000 0.000000 10.000000 1695 1594 3.384428e-04
0.361905 3.982614 4.000000 0.000000 1.000000 0.000000 10.000000 1482 1630 3.384428e-04
0.545543 4.028111 4.000000 0.000000 1.000000 0.000000 10.000000 2234 1649 2.687985e-04
0.339194 4.020812 4.000000 0.000000 1.000000 0.000000 10.000000 1389 1646 2.687985e-04
0.440781 4.067195 4.000000 0.000000 1.000000 0.000000 10.000000 1805 1665 2.687985e-04
0.494750 4.028765 4.000000 0.000000 1.000000 0.000000 10.000000 2026 1649 2.687985e-04
0.442002 3.970148 4.000000 0.000000 1.000000 0.000000 10.000000 1810 1625 2.687985e-04
0.507204 3.960250 4.000000 0.000000 1.000000 0.000000 10.000000 2077 1621 2.687985e-04
0.448596 3.945745 4.000000 0.000000 1.000000 0.000000 10.000000 1837 1615 2.687985e-04
0.438584 3.966416 4.000000 0.000000 1.000000 0.000000 10.000000 1796 1624 2.687985e-04
0.442979 3.981020 4.000000 0.000000 1.000000 0.000000 10.000000 1814 1630 2.687985e-04
0.407082 4.009508 4.000000 0.000000 1.000000 0.000000 10.000000 1667 1641 2.687985e-04
0.521368 4.018782 4.000000 0.000000 1.000000 0.000000 10.000000 2135 1645 2.687985e-04
0.417338 3.982412 4.000000 0.000000 1.000000 0.000000 10.000000 1709 1630 2.687985e-04
0.472283 3.992819 4.000000 0.000000 1.000000 0.000000 10.000000 1934 1635 2.687985e-04
0.493529 3.972322 4.000000 0.000000 1.000000 0.000000 10.000000 2021 1626 2.687985e-04
0.464957 3.964439 4.000000 0.000000 1.000000 0.000000 10.000000 1904 1623 2.687985e-04
0.343834 4.005358 4.000000 0.000000 1.000000 0.000000 10.000000 1408 1640 2.687985e-04
0.526740 4.043783 4.000000 0.000000 1.000000 0.000000 10.000000 2157 1655 2.687985e-04
0.311600 4.010145 4.000000 0.000000 1.000000 0.000000 10.000000 1276 1642 2.687985e-04
0.446398 4.028601 4.000000 0.000000 1.000000 0.000000 10.000000 1828 1649 2.687985e-04
0.601465 3.935126 4.000000 0.000000 1.000000 0.000000 10.000000 2463 1611 2.687985e-04
0.476435 3.855387 4.000000 0.000000 1.000000 0.000000 10.000000 1951 1578 2.687985e-04
0.379487 3.890675 4.000000 0.000000 1.000000 0.000000 10.000000 1554 1593 2.687985e-04
0.611477 3.935512 4.000000 0.000000 1.000000 0.000000 10.000000 2504 1611 2.687985e-04
0.177778 3.940473 4.000000 0.000000 1.000000 0.000000 10.000000 728 1613 2.687985e-04
0.635897 4.054772 4.000000 0.000000 1.000000 0.000000 10.000000 2604 1660 2.687985e-04
0.354335 3.985857 4.000000 0.000000 1.000000 0.000000 10.000000 1451 1632 2.687985e-04
0.309890 4.070487 4.000000 0.000000 1.000000 0.000000 10.000000 1269 1666 2.687985e-04
0.696703 4.059915 4.000000 0.000000 1.000000 0.000000 10.000000 2853 1662 2.687985e-04
0.209524 3.959331 4.000000 0.000000 1.000000 0.000000 10.000000 858 1621 2.687985e-04
0.693773 4.051538 4.000000 0.000000 1.000000 0.000000 10.000000 2841 1659 2.687985e-04
0.461050 3.983135 4.000000 0.000000 1.000000 0.000000 10.000000 1888 1631 2.687985e-04
0.216117 4.097488 4.000000 0.000000 1.000000 0.000000 10.000000 885 1677 2.687985e-04
0.572650 4.188352 4.000000 0.000000 1.000000 0.000000 10.000000 2345 1715 2.687985e-04
0.455678 4.117088 4.000000 0.000000 1.000000 0.000000 10.000000 1866 1685 2.687985e-04
0.377045 4.140109 4.000000 0.000000 1.000000 0.000000 10.000000 1544 1695 2.687985e-04
0.484982 4.144984 4.000000 0.000000 1.000000 0.000000 10.000000 1986 1697 2.687985e-04
0.489866 4.072518 4.000000 0.000000 1.000000 0.000000 10.000000 2006 1667 2.687985e-04
0.457875 4.028770 4.000000 0.000000 1.000000 0.000000 10.000000 1875 1649 2.687985e-04
0.410012 4.034092 4.000000 0.000000 1.000000 0.000000 10.000000 1679 1651 2.687985e-04
0.398779 4.048848 4.000000 0.000000 1.000000 0.000000 10.000000 1633 1658 1.622410e-04
0.580220 4.022714 4.000000 0.000000 1.000000 0.000000 10.000000 2376 1647 1.622410e-04
0.415140 3.965802 4.000000 0.000000 1.000000 0.000000 10.000000 1700 1623 1.622410e-04
0.400000 4.022341 4.000000 0.000000 1.000000 0.000000 10.000000 1638 1647 1.622410e-04
0.464957 4.054277 4.000000 0.000000 1.000000 0.000000 10.000000 1904 1660 1.622410e-04
0.414164 4.054792 4.000000 0.000000 1.000000 0.000000 10.000000 1696 1660 1.622410e-04
0.438339 4.064211 4.000000 0.000000 1.000000 0.000000 10.000000 1795 1664 1.622410e-04
0.442247 4.052900 4.000000 0.000000 1.000000 0.000000 10.000000 1811 1659 1.622410e-04
0.494505 4.032688 4.000000 0.000000 1.000000 0.000000 10.000000 2025 1651 1.622410e-04
0.430281 4.002623 4.000000 0.000000 1.000000 0.000000 10.000000 1762 1639 1.622410e-04
0.395116 4.028161 4.000000 0.000000 1.000000 0.000000 10.000000 1618 1649 1.622410e-04
0.540415 4.024076 4.000000 0.000000 1.000000 0.000000 10.000000 2213 1647 1.558881e-04
0.441270 3.991916 4.000000 0.000000 1.000000 0.000000 10.000000 1807 1634 1.558881e-04
0.423443 4.007778 4.000000 0.000000 1.000000 0.000000 10.000000 1734 1641 1.558881e-04
0.368742 4.039024 4.000000 0.000000 1.000000 0.000000 10.000000 1510 1653 1.558881e-04
0.565324 4.032361 4.000000 0.000000 1.000000 0.000000 10.000000 2315 1651 1.558881e-04
0.356288 3.976618 4.000000 0.000000 1.000000 0.000000 10.000000 1459 1628 1.558881e-04
0.585592 3.997905 4.000000 0.000000 1.000000 0.000000 10.000000 2398 1637 1.558881e-04
0.449328 3.939323 4.000000 0.000000 1.000000 0.000000 10.000000 1840 1613 1.558881e-04
0.408791 3.975189 4.000000 0.000000 1.000000 0.000000 10.000000 1674 1627 1.558881e-04
0.417338 4.026700 4.000000 0.000000 1.000000 0.000000 10.000000 1709 1648 1.558881e-04
0.460806 4.041816 4.000000 0.000000 1.000000 0.000000 10.000000 1887 1655 1.558881e-04
0.414896 4.032118 4.000000 0.000000 1.000000 0.000000 10.000000 1699 1651 1.558881e-04
0.467155 4.032545 4.000000 0.000000 1.000000 0.000000 10.000000 1913 1651 1.558881e-04
0.476190 3.999490 4.000000 0.000000 1.000000 0.000000 10.000000 1950 1637 1.558881e-04
0.445421 3.995165 4.000000 0.000000 1.000000 0.000000 10.000000 1824 1636 1.558881e-04
0.458608 3.996246 4.000000 0.000000 1.000000 0.000000 10.000000 1878 1636 1.558881e-04
0.388278 4.012346 4.000000 0.000000 1.000000 0.000000 10.000000 1590 1643 1.558881e-04
0.495726 4.052157 4.000000 0.000000 1.000000 0.000000 10.000000 2030 1659 1.558881e-04
0.359951 4.062184 4.000000 0.000000 1.000000 0.000000 10.000000 1474 1663 1.558881e-04
0.645177 4.090852 5.000000 0.000000 1.000000 0.000000 10.000000 2642 1675 1.558881e-04
0.824664 4.038598 5.000000 0.000000 1.000000 0.000000 10.000000 3377 1653 1.558881e-04
0.415629 4.115812 5.000000 0.000000 1.000000 0.000000 10.000000 1702 1685 1.558881e-04
0.548718 4.425027 5.000000 0.000000 1.000000 0.000000 10.000000 2247 1812 1.558881e-04
0.322833 4.668108 5.000000 0.000000 1.000000 0.000000 10.000000 1322 1911 1.558881e-04
0.498168 4.893673 5.000000 0.000000 1.000000 0.000000 10.000000 2040 2003 1.558881e-04
0.544811 4.965627 5.000000 0.000000 1.000000 0.000000 10.000000 2231 2033 6.636382e-05
0.507448 5.002131 5.000000 0.000000 1.000000 0.000000 10.000000 2078 2048 6.055401e-05
0.686203 5.012162 5.000000 0.000000 1.000000 0.000000 10.000000 2810 2052 6.055401e-05
0.562149 5.003064 5.000000 0.000000 1.000000 0.000000 10.000000 2302 2048 6.055401e-05
0.399512 5.094330 5.000000 0.000000 1.000000 0.000000 10.000000 1636 2086 6.055401e-05
0.496703 5.164260 5.000000 0.000000 1.000000 0.000000 10.000000 2034 2114 6.055401e-05
0.661538 5.106918 5.000000 0.000000 1.000000 0.000000 10.000000 2709 2091 6.055401e-05
0.692796 4.991909 5.000000 0.000000 1.000000 0.000000 10.000000 2837 2044 6.055401e-05
0.471551 4.966295 5.000000 0.000000 1.000000 0.000000 10.000000 1931 2033 6.055401e-05
0.618803 5.042170 5.000000 0.000000 1.000000 0.000000 10.000000 2534 2064 6.055401e-05
0.458852 5.045630 5.000000 0.000000 1.000000 0.000000 10.000000 1879 2066 6.055401e-05
0.511844 5.097428 5.000000 0.000000 1.000000 0.000000 10.000000 2096 2087 6.055401e-05
0.561416 5.081743 5.000000 0.000000 1.000000 0.000000 10.000000 2299 2080 6.055401e-05
0.589744 5.026523 5.000000 0.000000 1.000000 0.000000 10.000000 2415 2058 6.055401e-05
0.662271 4.964395 5.000000 0.000000 1.000000 0.000000 10.000000 2712 2032 6.055401e-05
0.462759 4.946884 5.000000 0.000000 1.000000 0.000000 10.000000 1895 2025 6.055401e-05
0.638339 4.988819 5.000000 0.000000 1.000000 0.000000 10.000000 2614 2042 6.055401e-05
0.563126 4.947871 5.000000 0.000000 1.000000 0.000000 10.000000 2306 2026 6.055401e-05
0.506227 4.978650 5.000000 0.000000 1.000000 0.000000 10.000000 2073 2038 6.055401e-05
0.497192 5.015570 5.000000 0.000000 1.000000 0.000000 10.000000 2036 2053 6.055401e-05
0.600000 5.023294 5.000000 0.000000 1.000000 0.000000 10.000000 2457 2057 6.055401e-05
0.538706 4.989332 5.000000 0.000000 1.000000 0.000000 10.000000 2206 2043 6.055401e-05
0.646642 4.985175 5.000000 0.000000 1.000000 0.000000 10.000000 2648 2041 6.055401e-05
0.534310 4.965071 5.000000 0.000000 1.000000 0.000000 10.000000 2188 2033 6.055401e-05
0.508669 5.006698 5.000000 0.000000 1.000000 0.000000 10.000000 2083 2050 6.055401e-05
0.665690 5.010737 5.000000 0.000000 1.000000 0.000000 10.000000 2726 2051 6.055401e-05
0.446398 4.989926 5.000000 0.000000 1.000000 0.000000 10.000000 1828 2043 5.256031e-05
0.678632 5.061105 5.000000 0.000000 1.000000 0.000000 10.000000 2779 2072 5.256031e-05
0.511844 5.036261 5.000000 0.000000 1.000000 0.000000 10.000000 2096 2062 5.256031e-05
0.447131 5.101755 5.000000 0.000000 1.000000 0.000000 10.000000 1831 2089 5.256031e-05
0.630769 5.112505 5.000000 0.000000 1.000000 0.000000 10.000000 2583 2093 5.256031e-05
0.636386 5.031845 5.000000 0.000000 1.000000 0.000000 10.000000 2606 2060 5.256031e-05
0.550427 4.990199 5.000000 0.000000 1.000000 0.000000 10.000000 2254 2043 5.256031e-05
0.515507 5.013978 5.000000 0.000000 1.000000 0.000000 10.000000 2111 2053 5.256031e-05
0.578022 5.023234 5.000000 0.000000 1.000000 0.000000 10.000000 2367 2057 5.256031e-05
0.553358 5.006918 5.000000 0.000000 1.000000 0.000000 10.000000 2266 2050 5.256031e-05
0.535775 5.018556 5.000000 0.000000 1.000000 0.000000 10.000000 2194 2055 5.256031e-05
0.586813 5.013105 5.000000 0.000000 1.000000 0.000000 10.000000 2403 2052 5.256031e-05
0.570208 4.991327 5.000000 0.000000 1.000000 0.000000 10.000000 2335 2043 5.256031e-05
0.611233 4.971504 5.000000 0.000000 1.000000 0.000000 10.000000 2503 2035 5.256031e-05
0.642491 4.945240 5.000000 0.000000 1.000000 0.000000 10.000000 2631 2025 5.256031e-05
0.397070 4.955187 5.000000 0.000000 1.000000 0.000000 10.000000 1626 2029 5.256031e-05
0.526740 5.030545 5.000000 0.000000 1.000000 0.000000 10.000000 2157 2060 5.256031e-05
0.770452 4.972394 5.000000 0.000000 1.000000 0.000000 10.000000 3155 2036 5.256031e-05
0.540171 4.894079 5.000000 0.000000 1.000000 0.000000 10.000000 2212 2004 5.256031e-05
0.402442 4.990941 5.000000 0.000000 1.000000 0.000000 10.000000 1648 2043 5.256031e-05
0.638339 5.065546 5.000000 0.000000 1.000000 0.000000 10.000000 2614 2074 5.256031e-05
0.496947 5.044667 5.000000 0.000000 1.000000 0.000000 10.000000 2035 2065 5.256031e-05
0.599023 5.079090 5.000000 0.000000 1.000000 0.000000 10.000000 2453 2079 4.006160e-05
0.471551 5.059548 5.000000 0.000000 1.000000 0.000000 10.000000 1931 2071 4.006160e-05
0.711600 5.063698 5.000000 0.000000 1.000000 0.000000 10.000000 2914 2073 4.006160e-05
0.654945 4.995231 5.000000 0.000000 1.000000 0.000000 10.000000 2682 2045 4.006160e-05
0.439316 5.054766 5.000000 0.000000 1.000000 0.000000 10.000000 1799 2069 4.006160e-05
0.515751 5.176383 5.000000 0.000000 1.000000 0.000000 10.000000 2112 2119 4.006160e-05
0.593895 5.183003 5.000000 0.000000 1.000000 0.000000 10.000000 2432 2122 4.006160e-05
0.441514 5.160415 5.000000 0.000000 1.000000 0.000000 10.000000 1808 2113 4.006160e-05
0.677656 5.143037 5.000000 0.000000 1.000000 0.000000 10.000000 2775 2106 4.006160e-05
0.453236 5.034586 5.000000 0.000000 1.000000 0.000000 10.000000 1856 2061 4.006160e-05
0.870818 4.998140 5.000000 0.000000 1.000000 0.000000 10.000000 3566 2046 4.006160e-05
0.671306 4.911487 5.000000 0.000000 1.000000 0.000000 10.000000 2749 2011 4.006160e-05
0.250061 5.051656 5.000000 0.000000 1.000000 0.000000 10.000000 1024 2068 4.006160e-05
0.547009 5.273236 5.000000 0.000000 1.000000 0.000000 10.000000 2240 2159 4.006160e-05
0.554335 5.239320 5.000000 0.000000 1.000000 0.000000 10.000000 2270 2145 3.836786e-05
0.543101 5.185361 5.000000 0.000000 1.000000 0.000000 10.000000 2224 2123 3.836786e-05
0.625641 5.105958 5.000000 0.000000 1.000000 0.000000 10.000000 2562 2090 3.836786e-05
0.653480 5.004805 5.000000 0.000000 1.000000 0.000000 10.000000 2676 2049 3.836786e-05
0.688645 4.941943 5.000000 0.000000 1.000000 0.000000 10.000000 2820 2023 3.836786e-05
0.318926 4.940676 5.000000 0.000000 1.000000 0.000000 10.000000 1306 2023 3.836786e-05
0.783639 5.054463 5.000000 0.000000 1.000000 0.000000 10.000000 3209 2069 3.836786e-05
0.982906 4.973336 7.000000 0.000000 1.000000 0.000000 10.000000 4025 2036 3.836786e-05
0.804640 5.038766 7.000000 0.000000 1.000000 0.000000 10.000000 3295 2063 2.292672e-05
0.786813 5.370751 7.000000 0.000000 1.000000 0.000000 10.000000 3222 2199 2.292672e-05
0.550183 5.835778 7.000000 0.000000 1.000000 0.000000 10.000000 2253 2389 2.292672e-05
0.441026 6.357006 7.000000 0.000000 1.000000 0.000000 10.000000 1806 2603 2.292672e-05
0.931136 6.747015 7.000000 0.000000 1.000000 0.000000 10.000000 3813 2762 2.292672e-05
0.439316 6.909362 7.000000 0.000000 1.000000 0.000000 10.000000 1799 2829 2.292672e-05
0.895482 7.166427 7.000000 0.000000 1.000000 0.000000 10.000000 3667 2934 2.292672e-05
0.690354 7.164796 7.000000 0.000000 1.000000 0.000000 10.000000 2827 2933 2.292672e-05
0.716239 7.212134 7.000000 0.000000 1.000000 0.000000 10.000000 2933 2953 2.292672e-05
0.858120 7.169164 7.000000 0.000000 1.000000 0.000000 10.000000 3514 2935 2.292672e-05
0.778755 7.087699 7.000000 0.000000 1.000000 0.000000 10.000000 3189 2902 2.292672e-05
0.745543 7.078886 7.000000 0.000000 1.000000 0.000000 10.000000 3053 2898 2.292672e-05
0.847375 7.045636 7.000000 0.000000 1.000000 0.000000 10.000000 3470 2885 1.370856e-05
0.819292 6.982512 7.000000 0.000000 1.000000 0.000000 10.000000 3355 2859 1.370856e-05
0.742125 6.972419 7.000000 0.000000 1.000000 0.000000 10.000000 3039 2855 1.370856e-05
0.786081 7.003224 7.000000 0.000000 1.000000 0.000000 10.000000 3219 2867 1.370856e-05
0.744811 7.014781 7.000000 0.000000 1.000000 0.000000 10.000000 3050 2872 1.370856e-05
0.763370 7.036418 7.000000 0.000000 1.000000 0.000000 10.000000 3126 2881 1.370856e-05
0.786813 7.040788 7.000000 0.000000 1.000000 0.000000 10.000000 3222 2883 1.370856e-05
0.759463 7.036018 7.000000 0.000000 1.000000 0.000000 10.000000 3110 2881 1.370856e-05
0.783639 7.035988 7.000000 0.000000 1.000000 0.000000 10.000000 3209 2881 1.370856e-05
0.778266 7.030242 7.000000 0.000000 1.000000 0.000000 10.000000 3187 2878 1.370856e-05
0.772650 7.029098 7.000000 0.000000 1.000000 0.000000 10.000000 3164 2878 1.370856e-05
0.800000 7.023641 7.000000 0.000000 1.000000 0.000000 10.000000 3276 2876 1.370856e-05
0.757998 7.011663 7.000000 0.000000 1.000000 0.000000 10.000000 3104 2871 1.370856e-05
0.842979 6.997355 7.000000 0.000000 1.000000 0.000000 10.000000 3452 2865 1.370856e-05
0.733822 6.984466 7.000000 0.000000 1.000000 0.000000 10.000000 3005 2860 1.370856e-05
0.752869 7.019205 7.000000 0.000000 1.000000 0.000000 10.000000 3083 2874 1.370856e-05
0.842002 6.999428 7.000000 0.000000 1.000000 0.000000 10.000000 3448 2866 1.370856e-05
0.841514 6.950678 7.000000 0.000000 1.000000 0.000000 10.000000 3446 2846 1.370856e-05
0.708669 6.949404 7.000000 0.000000 1.000000 0.000000 10.000000 2902 2845 1.370856e-05
0.824908 7.006127 7.000000 0.000000 1.000000 0.000000 10.000000 3378 2869 1.370856e-05
0.714774 7.031220 7.000000 0.000000 1.000000 0.000000 10.000000 2927 2879 1.370856e-05
0.744078 7.091373 7.000000 0.000000 1.000000 0.000000 10.000000 3047 2903 1.274568e-05
0.770696 7.084337 7.000000 0.000000 1.000000 0.000000 10.000000 3156 2901 1.274568e-05
0.776801 7.068324 7.000000 0.000000 1.000000 0.000000 10.000000 3181 2894 1.274568e-05
0.846642 7.027811 7.000000 0.000000 1.000000 0.000000 10.000000 3467 2877 1.274568e-05
0.678632 6.999871 7.000000 0.000000 1.000000 0.000000 10.000000 2779 2866 1.274568e-05
0.883761 7.023796 7.000000 0.000000 1.000000 0.000000 10.000000 3619 2876 1.274568e-05
0.684737 6.965972 7.000000 0.000000 1.000000 0.000000 10.000000 2804 2852 1.274568e-05
0.844444 6.988567 7.000000 0.000000 1.000000 0.000000 10.000000 3458 2861 1.274568e-05
0.856166 6.932027 7.000000 0.000000 1.000000 0.000000 10.000000 3506 2838 1.274568e-05
0.699389 6.940582 7.000000 0.000000 1.000000 0.000000 10.000000 2864 2842 1.274568e-05
0.814652 7.004777 7.000000 0.000000 1.000000 0.000000 10.000000 3336 2868 1.274568e-05
0.746520 7.013782 7.000000 0.000000 1.000000 0.000000 10.000000 3057 2872 1.274568e-05
0.777534 7.033455 7.000000 0.000000 1.000000 0.000000 10.000000 3184 2880 1.274568e-05
0.817338 7.012101 7.000000 0.000000 1.000000 0.000000 10.000000 3347 2871 1.274568e-05
0.805372 6.994350 7.000000 0.000000 1.000000 0.000000 10.000000 3298 2864 1.274568e-05
0.739683 6.998738 7.000000 0.000000 1.000000 0.000000 10.000000 3029 2865 1.274568e-05
0.779487 7.019684 7.000000 0.000000 1.000000 0.000000 10.000000 3192 2874 1.274568e-05
0.767521 7.019585 7.000000 0.000000 1.000000 0.000000 10.000000 3143 2874 1.274568e-05
0.760684 7.031866 7.000000 0.000000 1.000000 0.000000 10.000000 3115 2879 1.274568e-05
0.828571 7.031946 7.000000 0.000000 1.000000 0.000000 10.000000 3393 2879 1.274568e-05
0.716239 7.010509 7.000000 0.000000 1.000000 0.000000 10.000000 2933 2870 1.274568e-05
0.765568 7.027781 7.000000 0.000000 1.000000 0.000000 10.000000 3135 2877 1.274568e-05
0.792918 6.996776 7.000000 0.000000 1.000000 0.000000 10.000000 3247 2865 1.274568e-05
0.833455 6.947052 7.000000 0.000000 1.000000 0.000000 10.000000 3413 2844 1.274568e-05
0.735775 6.907037 7.000000 0.000000 1.000000 0.000000 10.000000 3013 2828 1.274568e-05
0.852259 6.903824 7.000000 0.000000 1.000000 0.000000 10.000000 3490 2827 1.274568e-05
0.814408 6.883193 7.000000 0.000000 1.000000 0.000000 10.000000 3335 2818 1.274568e-05
0.722589 6.911381 7.000000 0.000000 1.000000 0.000000 10.000000 2959 2830 1.274568e-05
0.749939 6.965194 7.000000 0.000000 1.000000 0.000000 10.000000 3071 2852 1.274568e-05
0.745055 6.995573 7.000000 0.000000 1.000000 0.000000 10.000000 3051 2864 1.274568e-05
0.889377 6.999205 7.000000 0.000000 1.000000 0.000000 10.000000 3642 2866 1.274568e-05
0.815873 6.963800 7.000000 0.000000 1.000000 0.000000 10.000000 3341 2851 1.274568e-05
0.694750 7.003303 7.000000 0.000000 1.000000 0.000000 10.000000 2845 2867 1.274568e-05
0.882295 7.052138 7.000000 0.000000 1.000000 0.000000 10.000000 3613 2887 1.274568e-05
0.643956 7.044908 7.000000 0.000000 1.000000 0.000000 10.000000 2637 2884 1.274568e-05
0.825641 7.099219 7.000000 0.000000 1.000000 0.000000 10.000000 3381 2907 1.274568e-05
0.768498 7.055934 7.000000 0.000000 1.000000 0.000000 10.000000 3147 2889 1.274568e-05
0.809035 7.023128 7.000000 0.000000 1.000000 0.000000 10.000000 3313 2875 1.274568e-05
0.831746 6.976290 7.000000 0.000000 1.000000 0.000000 10.000000 3406 2856 1.102166e-05
0.796337 6.945166 7.000000 0.000000 1.000000 0.000000 10.000000 3261 2844 1.102166e-05
0.765812 6.957857 7.000000 0.000000 1.000000 0.000000 10.000000 3136 2849 1.102166e-05
