1.027304
0.000000
1.991251
0.704338
3.659063
3.196153
4.733028
6.375499
5.144010
9.484589
5.030367
11.872110
5.133503
12.389171
5.253256
12.663054
5.366728
12.879849
5.391268
13.202707
5.387382
13.416446
5.396442
13.514818
5.402994
13.578223
5.403048
13.626533
5.410598
13.638777
5.425046
13.641648
5.415984
13.691109
5.412625
13.694500
5.417004
13.689426
5.427645
13.677000
5.419872
13.709937
5.417850
13.705223
5.425521
13.692684
5.415840
13.719000
5.413856
13.708455
5.417403
13.699391
5.420902
13.694545
5.412168
13.715355
5.413780
13.699270
5.423388
13.684899
5.410888
13.718688
5.405238
13.710642
5.409882
13.693639
5.419370
13.678219
5.410848
13.707029
5.405738
13.704412
5.410155
13.690367
5.416138
13.682632
5.424767
13.677128
5.415136
13.710431
5.413285
13.702775
5.419530
13.691544
5.417101
13.702329
5.417261
13.699591
5.419781
13.696916
5.425433
13.690790
5.415996
13.717553
5.416141
13.704155
5.419161
13.699871
5.423475
13.693622
6.368814
12.191029
7.398700
11.188242
8.165957
11.569665
8.722363
12.663225
9.102592
13.926900
9.438088
14.871191
9.731771
15.551742
9.914558
16.271626
10.035073
16.868631
10.150655
17.252888
10.243973
17.559229
10.299678
17.842199
10.334578
18.061655
10.387638
18.157766
10.439235
18.249727
10.454927
18.385452
10.461336
18.485785
10.470396
18.539076
10.471451
18.595457
10.477177
18.606491
10.496957
18.600348
10.495549
18.643856
10.492812
18.663794
10.503778
18.651327
10.500308
18.683344
10.489208
18.702900
10.492723
18.688517
10.493276
18.687225
10.497532
18.676563
10.513359
18.650248
10.510357
18.688112
10.499870
18.704378
10.498052
18.710178
10.492611
18.705029
10.506534
18.671535
10.506983
18.686249
10.504197
18.692413
10.500813
18.705666
10.501904
18.690088
10.505869
18.692801
10.503819
18.690622
10.507386
18.693140
10.505581
18.692389
10.504732
18.703398
10.499762
18.702677
10.500056
18.704313
10.499340
18.693274
10.502771
18.693331
10.499112
18.695147
10.509578
18.674866
