0.513672
0.007812
0.000977
0.000000
0.000000
0.030273
0.330078
0.265625
0.308594
0.262695
0.291016
0.297852
0.299805
0.299805
0.306641
0.307617
0.295898
0.307617
0.305664
0.309570
0.297852
0.308594
0.307617
0.298828
0.308594
0.305664
0.306641
0.299805
0.309570
0.307617
0.296875
0.307617
0.306641
0.308594
0.297852
0.306641
0.306641
0.306641
0.307617
0.297852
0.308594
0.306641
0.302734
0.306641
0.305664
0.307617
0.298828
0.309570
0.304688
0.307617
0.776367
0.572266
0.476562
0.432617
0.430664
0.482422
0.475586
0.462891
0.481445
0.492188
0.490234
0.489258
0.494141
0.508789
0.497070
0.497070
0.499023
0.502930
0.497070
0.508789
0.502930
0.499023
0.504883
0.505859
0.497070
0.504883
0.503906
0.502930
0.505859
0.507812
0.495117
0.507812
0.498047
0.507812
0.505859
0.500000
0.505859
0.499023
0.509766
0.498047
0.508789
0.499023
0.507812
0.498047
0.507812
0.499023
0.508789
0.499023
0.506836
0.504883
