0.000000
0.000000
1.975627
0.705715
3.657109
3.196933
4.733028
6.375499
5.144010
9.484589
4.969823
11.962299
4.473373
13.453502
4.722027
13.531781
4.749565
13.911674
4.865898
14.098149
4.805373
14.427909
4.800763
14.558484
4.803408
14.633907
4.803462
14.685973
4.797340
14.724233
4.809836
14.730917
4.824210
14.741211
4.797414
14.787989
4.805699
14.775317
4.808529
14.776280
4.824192
14.768671
4.800687
14.803170
4.810311
14.786028
4.818207
14.782032
4.796692
14.806662
4.806098
14.786072
4.807645
14.784439
4.812582
14.781701
4.794663
14.800341
4.808177
14.777621
4.817161
14.774502
4.790027
14.805420
4.796624
14.783462
4.802206
14.774003
4.815168
14.765538
4.792481
14.795092
4.796897
14.779929
4.802881
14.771579
4.809556
14.769230
4.819456
14.769203
4.796122
14.800527
4.806273
14.781199
4.811656
14.778449
4.804004
14.789886
4.808477
14.783400
4.810223
14.783982
4.818363
14.780473
4.797025
14.805618
4.809810
14.782992
4.808265
14.787041
4.816141
14.781482
6.254213
12.901980
7.212870
13.029478
7.857162
14.106328
8.241297
15.506489
8.473282
16.771929
8.780637
17.509756
8.988813
18.262672
9.072220
19.020061
9.166318
19.505201
9.263542
19.841925
9.321200
20.156801
9.346334
20.429436
9.370100
20.612823
9.445133
20.657158
9.460826
20.810785
9.463328
20.934483
9.464576
21.015163
9.477349
21.048494
9.459639
21.122219
9.491137
21.084618
9.497541
21.113493
9.483086
21.166779
9.492099
21.157755
9.506207
21.147974
9.479482
21.211128
9.484950
21.189690
9.487455
21.183100
9.485852
21.186382
9.497773
21.166771
9.520161
21.143135
9.484284
21.228205
9.501997
21.183474
9.477025
21.228945
9.494854
21.180679
9.507022
21.166622
9.492517
21.204363
9.502806
21.183489
9.482412
21.222252
9.509814
21.163799
9.486280
21.217726
9.509378
21.169306
9.489996
21.214598
9.508677
21.175797
9.484176
21.226274
9.502048
21.181959
9.481801
21.220736
9.504764
21.169521
9.485479
21.212595
9.499851
21.179335
9.507425
21.175058
